[12345]
[12345]
[12345]
[12345]
[12345]
[12345]
[12345]
[12345]
[12345]
[12345]
[12345]
[12345]
[12345]
[12345]
[12345]
[12345]
[12345]
[12345]
[12345]
[12345]
[12345]
[12345]
[12345]
[12345]
[12345]
[12345]
[12345]
[12345]
[12345]
[12345]
[12345]
[12345]
[12345]
[12345]
[12345]
[12345]
[12345]
[12345]
[12345]
[12345]
[12345]
[12345]
[12345]
[12345]
[12345]
[12345]
[12345]
[12345]
[12345]
[12345]
[12345]
[12345]
[12345]
[12345]
[12345]
[12345]
[12345]
[12345]
[12345]
[12345]
[12345]
[12345]
[12345]
[12345]
[12345]
[12345]
[12345]
[123, 123, 123, 123, 332, 332, 332, 332, 332, 332, 332, 332]
Total residue:-388263